image_width: 320
image_height: 240
camera_name: narrow_stereo/right
camera_matrix:
  rows: 3
  cols: 3
  data: [235.209236, 0.000000, 157.337851, 0.000000, 234.201554, 124.859351, 0.000000, 0.000000, 1.000000]
distortion_model: plumb_bob
distortion_coefficients:
  rows: 1
  cols: 5
  data: [-0.035186, 0.030710, 0.000697, -0.001472, 0.000000]
rectification_matrix:
  rows: 3
  cols: 3
  data: [0.999943, -0.001488, 0.010604, 0.001506, 0.999997, -0.001656, -0.010602, 0.001672, 0.999942]
projection_matrix:
  rows: 3
  cols: 4
  data: [235.115219, 0.000000, 154.087154, -35.176862, 0.000000, 235.115219, 125.495707, 0.000000, 0.000000, 0.000000, 1.000000, 0.000000]
