image_width: 320
image_height: 240
camera_name: narrow_stereo/left
camera_matrix:
  rows: 3
  cols: 3
  data: [232.185625, 0.000000, 156.471113, 0.000000, 231.333233, 122.551891, 0.000000, 0.000000, 1.000000]
distortion_model: plumb_bob
distortion_coefficients:
  rows: 1
  cols: 5
  data: [-0.019359, -0.002195, -0.001779, 0.000335, 0.000000]
rectification_matrix:
  rows: 3
  cols: 3
  data: [0.999398, 0.000322, -0.034696, -0.000357, 0.999999, -0.000996, 0.034696, 0.001007, 0.999397]
projection_matrix:
  rows: 3
  cols: 4
  data: [236.164290, 0.000000, 167.837719, 0.000000, 0.000000, 236.164290, 122.267592, 0.000000, 0.000000, 0.000000, 1.000000, 0.000000]
