# oST version 5.0 parameters


[image]

width
320

height
240

[narrow_stereo/left]

camera matrix
251.596681 0.000000 154.384724
0.000000 250.945398 119.720569
0.000000 0.000000 1.000000

distortion
0.099106 -0.065999 0.001104 -0.008510 0.000000

rectification
0.996612 0.019324 -0.079941
-0.022513 0.998978 -0.039181
0.079102 0.040848 0.996029

projection
327.799993 0.000000 186.063321 0.000000
0.000000 327.799993 132.019237 0.000000
0.000000 0.000000 1.000000 0.000000

# oST version 5.0 parameters


[image]

width
320

height
240

[narrow_stereo/right]

camera matrix
263.050204 0.000000 134.858527
0.000000 262.374006 142.461267
0.000000 0.000000 1.000000

distortion
0.042870 0.164442 0.027153 -0.021293 0.000000

rectification
0.984954 0.034510 -0.169336
-0.027675 0.998711 0.042561
0.170587 -0.037234 0.984639

projection
327.799993 0.000000 186.063321 -71.484583
0.000000 327.799993 132.019237 0.000000
0.000000 0.000000 1.000000 0.000000

