image_width: 320
image_height: 240
camera_name: narrow_stereo/left
camera_matrix:
  rows: 3
  cols: 3
  data: [235.346032, 0.000000, 155.084866, 0.000000, 234.270472, 125.710240, 0.000000, 0.000000, 1.000000]
distortion_model: plumb_bob
distortion_coefficients:
  rows: 1
  cols: 5
  data: [-0.034706, 0.036060, 0.001761, -0.001751, 0.000000]
rectification_matrix:
  rows: 3
  cols: 3
  data: [0.999999, -0.000979, -0.000796, 0.000980, 0.999998, 0.001664, 0.000794, -0.001665, 0.999998]
projection_matrix:
  rows: 3
  cols: 4
  data: [235.115219, 0.000000, 154.087154, 0.000000, 0.000000, 235.115219, 125.495707, 0.000000, 0.000000, 0.000000, 1.000000, 0.000000]
