# oST version 5.0 parameters


[image]

width
320

height
240

[narrow_stereo/left]

camera matrix
235.346032 0.000000 155.084866
0.000000 234.270472 125.710240
0.000000 0.000000 1.000000

distortion
-0.034706 0.036060 0.001761 -0.001751 0.000000

rectification
0.999999 -0.000979 -0.000796
0.000980 0.999998 0.001664
0.000794 -0.001665 0.999998

projection
235.115219 0.000000 154.087154 0.000000
0.000000 235.115219 125.495707 0.000000
0.000000 0.000000 1.000000 0.000000

# oST version 5.0 parameters


[image]

width
320

height
240

[narrow_stereo/right]

camera matrix
235.209236 0.000000 157.337851
0.000000 234.201554 124.859351
0.000000 0.000000 1.000000

distortion
-0.035186 0.030710 0.000697 -0.001472 0.000000

rectification
0.999943 -0.001488 0.010604
0.001506 0.999997 -0.001656
-0.010602 0.001672 0.999942

projection
235.115219 0.000000 154.087154 -35.176862
0.000000 235.115219 125.495707 0.000000
0.000000 0.000000 1.000000 0.000000

