# oST version 5.0 parameters


[image]

width
320

height
240

[narrow_stereo/left]

camera matrix
265.610548 0.000000 146.205305
0.000000 262.690139 116.699198
0.000000 0.000000 1.000000

distortion
0.080269 -0.032233 -0.004628 -0.025805 0.000000

rectification
0.999409 -0.019410 0.028356
0.019405 0.999812 0.000442
-0.028359 0.000108 0.999598

projection
322.703191 0.000000 138.998390 0.000000
0.000000 322.703191 114.959161 0.000000
0.000000 0.000000 1.000000 0.000000

# oST version 5.0 parameters


[image]

width
320

height
240

[narrow_stereo/right]

camera matrix
262.757388 0.000000 116.259392
0.000000 260.401524 114.548929
0.000000 0.000000 1.000000

distortion
0.041642 0.319663 -0.001074 -0.059131 0.000000

rectification
0.994773 -0.024986 -0.099010
0.024970 0.999687 -0.001407
0.099015 -0.001073 0.995085

projection
322.703191 0.000000 138.998390 -69.533758
0.000000 322.703191 114.959161 0.000000
0.000000 0.000000 1.000000 0.000000

