# oST version 5.0 parameters


[image]

width
320

height
240

[narrow_stereo/left]

camera matrix
255.892445 0.000000 142.405940
0.000000 254.617470 120.174291
0.000000 0.000000 1.000000

distortion
-0.004571 0.015313 -0.001398 -0.013308 0.000000

rectification
0.999450 -0.002468 -0.033059
0.001796 0.999792 -0.020332
0.033102 0.020261 0.999247

projection
276.926740 0.000000 152.705816 0.000000
0.000000 276.926740 126.034598 0.000000
0.000000 0.000000 1.000000 0.000000

# oST version 5.0 parameters


[image]

width
320

height
240

[narrow_stereo/right]

camera matrix
256.537797 0.000000 136.086661
0.000000 256.208019 130.081170
0.000000 0.000000 1.000000

distortion
0.007209 0.119978 0.014315 -0.026366 0.000000

rectification
0.997644 0.000089 -0.068601
0.001304 0.999794 0.020266
0.068588 -0.020308 0.997438

projection
276.926740 0.000000 152.705816 -59.099305
0.000000 276.926740 126.034598 0.000000
0.000000 0.000000 1.000000 0.000000

